7.777777777777777901e-01 8.055555555555555802e-01 6.388888888888888395e-01 8.055555555555555802e-01 7.222222222222222099e-01 7.500000000000000000e-01 6.944444444444444198e-01 8.055555555555555802e-01 6.111111111111111605e-01 8.857142857142856762e-01
8.055555555555555802e-01 7.222222222222222099e-01 8.055555555555555802e-01 7.500000000000000000e-01 7.500000000000000000e-01 8.888888888888888395e-01 6.944444444444444198e-01 6.944444444444444198e-01 7.222222222222222099e-01 7.142857142857143016e-01
7.222222222222222099e-01 8.055555555555555802e-01 7.222222222222222099e-01 8.055555555555555802e-01 7.500000000000000000e-01 8.333333333333333703e-01 7.222222222222222099e-01 6.666666666666666297e-01 6.944444444444444198e-01 7.714285714285714635e-01
8.055555555555555802e-01 7.777777777777777901e-01 7.500000000000000000e-01 8.055555555555555802e-01 7.777777777777777901e-01 7.500000000000000000e-01 6.388888888888888395e-01 6.388888888888888395e-01 8.333333333333333703e-01 7.142857142857143016e-01
7.777777777777777901e-01 7.777777777777777901e-01 6.944444444444444198e-01 6.944444444444444198e-01 6.944444444444444198e-01 8.888888888888888395e-01 7.500000000000000000e-01 8.055555555555555802e-01 7.777777777777777901e-01 7.714285714285714635e-01
7.222222222222222099e-01 7.500000000000000000e-01 7.500000000000000000e-01 8.611111111111111605e-01 7.777777777777777901e-01 8.055555555555555802e-01 8.333333333333333703e-01 8.333333333333333703e-01 7.500000000000000000e-01 7.428571428571428825e-01
8.055555555555555802e-01 6.111111111111111605e-01 6.666666666666666297e-01 7.500000000000000000e-01 7.777777777777777901e-01 7.500000000000000000e-01 8.888888888888888395e-01 7.777777777777777901e-01 8.333333333333333703e-01 8.285714285714286254e-01
7.777777777777777901e-01 6.666666666666666297e-01 8.333333333333333703e-01 7.500000000000000000e-01 6.388888888888888395e-01 9.444444444444444198e-01 8.333333333333333703e-01 6.666666666666666297e-01 8.333333333333333703e-01 8.571428571428570953e-01
7.500000000000000000e-01 7.777777777777777901e-01 8.611111111111111605e-01 6.111111111111111605e-01 8.611111111111111605e-01 7.222222222222222099e-01 8.333333333333333703e-01 7.222222222222222099e-01 7.777777777777777901e-01 8.571428571428570953e-01
7.222222222222222099e-01 6.111111111111111605e-01 7.500000000000000000e-01 8.888888888888888395e-01 7.500000000000000000e-01 6.944444444444444198e-01 8.333333333333333703e-01 8.055555555555555802e-01 7.777777777777777901e-01 7.428571428571428825e-01
