6.785714285714286031e-01 7.500000000000000000e-01 8.214285714285713969e-01 8.076923076923077094e-01 6.923076923076922906e-01 6.538461538461538547e-01 5.384615384615384359e-01 5.384615384615384359e-01 6.153846153846154188e-01 6.923076923076922906e-01
5.000000000000000000e-01 6.785714285714286031e-01 8.214285714285713969e-01 7.307692307692307265e-01 7.692307692307692735e-01 4.615384615384615641e-01 6.153846153846154188e-01 7.307692307692307265e-01 5.769230769230768718e-01 8.846153846153845812e-01
7.500000000000000000e-01 7.142857142857143016e-01 5.357142857142856984e-01 6.923076923076922906e-01 6.538461538461538547e-01 6.538461538461538547e-01 6.153846153846154188e-01 6.153846153846154188e-01 7.692307692307692735e-01 5.000000000000000000e-01
5.357142857142856984e-01 7.857142857142856984e-01 6.428571428571429047e-01 7.307692307692307265e-01 5.769230769230768718e-01 6.923076923076922906e-01 7.692307692307692735e-01 6.538461538461538547e-01 5.769230769230768718e-01 6.153846153846154188e-01
8.214285714285713969e-01 7.500000000000000000e-01 6.428571428571429047e-01 6.538461538461538547e-01 5.769230769230768718e-01 7.307692307692307265e-01 5.384615384615384359e-01 6.153846153846154188e-01 6.153846153846154188e-01 6.153846153846154188e-01
6.785714285714286031e-01 6.071428571428570953e-01 6.428571428571429047e-01 6.923076923076922906e-01 5.769230769230768718e-01 6.538461538461538547e-01 6.538461538461538547e-01 6.923076923076922906e-01 6.923076923076922906e-01 7.307692307692307265e-01
7.500000000000000000e-01 6.785714285714286031e-01 6.071428571428570953e-01 5.000000000000000000e-01 7.307692307692307265e-01 7.692307692307692735e-01 6.538461538461538547e-01 5.384615384615384359e-01 6.538461538461538547e-01 7.307692307692307265e-01
5.357142857142856984e-01 7.142857142857143016e-01 7.142857142857143016e-01 6.923076923076922906e-01 6.538461538461538547e-01 6.538461538461538547e-01 6.538461538461538547e-01 7.307692307692307265e-01 8.076923076923077094e-01 4.615384615384615641e-01
5.714285714285713969e-01 7.142857142857143016e-01 7.142857142857143016e-01 7.692307692307692735e-01 5.769230769230768718e-01 6.153846153846154188e-01 5.384615384615384359e-01 7.692307692307692735e-01 6.538461538461538547e-01 7.307692307692307265e-01
7.500000000000000000e-01 7.142857142857143016e-01 6.071428571428570953e-01 8.076923076923077094e-01 7.692307692307692735e-01 6.153846153846154188e-01 6.153846153846154188e-01 6.538461538461538547e-01 6.538461538461538547e-01 6.923076923076922906e-01
