7.931034482758620996e-01 7.456140350877192846e-01 8.245614035087719396e-01 7.631578947368421462e-01 7.807017543859648967e-01 8.070175438596490780e-01 7.456140350877192846e-01 8.157894736842105088e-01 7.982456140350877583e-01 7.894736842105263275e-01
8.534482758620689502e-01 7.982456140350877583e-01 7.894736842105263275e-01 7.192982456140351033e-01 8.421052631578946901e-01 7.894736842105263275e-01 8.157894736842105088e-01 7.105263157894736725e-01 7.543859649122807154e-01 8.070175438596490780e-01
7.931034482758620996e-01 8.070175438596490780e-01 8.333333333333333703e-01 8.333333333333333703e-01 7.456140350877192846e-01 7.719298245614034659e-01 7.894736842105263275e-01 7.894736842105263275e-01 8.070175438596490780e-01 7.456140350877192846e-01
8.017241379310344751e-01 7.982456140350877583e-01 7.456140350877192846e-01 7.280701754385965341e-01 7.280701754385965341e-01 7.982456140350877583e-01 7.982456140350877583e-01 8.421052631578946901e-01 8.157894736842105088e-01 7.894736842105263275e-01
7.068965517241379004e-01 8.245614035087719396e-01 7.192982456140351033e-01 8.421052631578946901e-01 7.456140350877192846e-01 8.157894736842105088e-01 7.631578947368421462e-01 8.070175438596490780e-01 8.070175438596490780e-01 8.157894736842105088e-01
7.758620689655172376e-01 8.157894736842105088e-01 7.807017543859648967e-01 7.982456140350877583e-01 7.894736842105263275e-01 7.807017543859648967e-01 7.719298245614034659e-01 7.894736842105263275e-01 7.982456140350877583e-01 7.982456140350877583e-01
7.844827586206896131e-01 7.456140350877192846e-01 8.508771929824561209e-01 7.368421052631578538e-01 7.543859649122807154e-01 8.508771929824561209e-01 7.719298245614034659e-01 7.280701754385965341e-01 8.157894736842105088e-01 7.631578947368421462e-01
7.672413793103448620e-01 8.245614035087719396e-01 6.929824561403509220e-01 7.807017543859648967e-01 7.368421052631578538e-01 7.982456140350877583e-01 8.421052631578946901e-01 7.631578947368421462e-01 7.807017543859648967e-01 8.421052631578946901e-01
7.586206896551723755e-01 7.807017543859648967e-01 8.070175438596490780e-01 8.157894736842105088e-01 7.982456140350877583e-01 7.280701754385965341e-01 8.070175438596490780e-01 8.157894736842105088e-01 7.719298245614034659e-01 7.807017543859648967e-01
7.672413793103448620e-01 8.508771929824561209e-01 7.982456140350877583e-01 7.719298245614034659e-01 7.807017543859648967e-01 7.456140350877192846e-01 7.719298245614034659e-01 7.982456140350877583e-01 7.631578947368421462e-01 7.631578947368421462e-01
