5.689655172413793371e-01 6.034482758620689502e-01 7.413793103448276245e-01 5.172413793103448620e-01 5.862068965517240882e-01 5.789473684210526550e-01 7.142857142857143016e-01 6.250000000000000000e-01 6.607142857142856984e-01 6.071428571428570953e-01
6.034482758620689502e-01 5.689655172413793371e-01 5.862068965517240882e-01 5.517241379310344751e-01 5.344827586206896131e-01 7.017543859649122417e-01 5.714285714285713969e-01 6.428571428571429047e-01 6.071428571428570953e-01 6.250000000000000000e-01
6.206896551724138122e-01 6.551724137931034253e-01 5.000000000000000000e-01 6.206896551724138122e-01 5.689655172413793371e-01 5.614035087719297934e-01 5.892857142857143016e-01 6.785714285714286031e-01 6.607142857142856984e-01 6.250000000000000000e-01
5.172413793103448620e-01 6.551724137931034253e-01 6.206896551724138122e-01 6.551724137931034253e-01 6.206896551724138122e-01 5.614035087719297934e-01 6.607142857142856984e-01 5.714285714285713969e-01 6.607142857142856984e-01 6.250000000000000000e-01
5.862068965517240882e-01 6.724137931034482873e-01 5.517241379310344751e-01 6.206896551724138122e-01 6.034482758620689502e-01 6.666666666666666297e-01 6.428571428571429047e-01 6.428571428571429047e-01 6.250000000000000000e-01 5.178571428571429047e-01
5.689655172413793371e-01 6.724137931034482873e-01 4.482758620689655249e-01 6.034482758620689502e-01 6.034482758620689502e-01 5.614035087719297934e-01 6.428571428571429047e-01 5.714285714285713969e-01 6.428571428571429047e-01 7.142857142857143016e-01
6.896551724137931494e-01 6.206896551724138122e-01 5.689655172413793371e-01 5.689655172413793371e-01 5.689655172413793371e-01 5.964912280701754055e-01 5.714285714285713969e-01 5.892857142857143016e-01 6.250000000000000000e-01 6.785714285714286031e-01
7.068965517241379004e-01 6.034482758620689502e-01 5.517241379310344751e-01 5.862068965517240882e-01 5.517241379310344751e-01 6.491228070175438791e-01 6.250000000000000000e-01 5.714285714285713969e-01 6.250000000000000000e-01 6.071428571428570953e-01
6.206896551724138122e-01 6.379310344827586743e-01 5.862068965517240882e-01 4.827586206896551935e-01 6.034482758620689502e-01 6.491228070175438791e-01 6.250000000000000000e-01 5.714285714285713969e-01 6.607142857142856984e-01 6.785714285714286031e-01
5.862068965517240882e-01 5.689655172413793371e-01 7.241379310344827624e-01 5.517241379310344751e-01 5.689655172413793371e-01 6.491228070175438791e-01 5.357142857142856984e-01 7.142857142857143016e-01 5.714285714285713969e-01 5.892857142857143016e-01
