7.777777777777777901e-01 8.194444444444444198e-01 7.916666666666666297e-01 7.500000000000000000e-01 7.222222222222222099e-01 7.571428571428571175e-01 8.285714285714286254e-01 7.571428571428571175e-01 7.714285714285714635e-01 8.142857142857142794e-01
8.055555555555555802e-01 7.083333333333333703e-01 7.500000000000000000e-01 8.750000000000000000e-01 6.944444444444444198e-01 7.857142857142856984e-01 7.857142857142856984e-01 8.000000000000000444e-01 7.285714285714285365e-01 8.000000000000000444e-01
8.333333333333333703e-01 8.194444444444444198e-01 8.194444444444444198e-01 7.083333333333333703e-01 8.194444444444444198e-01 7.571428571428571175e-01 7.142857142857143016e-01 7.714285714285714635e-01 6.714285714285713746e-01 7.142857142857143016e-01
7.361111111111111605e-01 7.361111111111111605e-01 7.916666666666666297e-01 7.361111111111111605e-01 7.916666666666666297e-01 8.000000000000000444e-01 8.714285714285714413e-01 7.285714285714285365e-01 7.571428571428571175e-01 8.000000000000000444e-01
8.888888888888888395e-01 7.361111111111111605e-01 7.500000000000000000e-01 7.500000000000000000e-01 8.055555555555555802e-01 8.000000000000000444e-01 6.428571428571429047e-01 6.999999999999999556e-01 8.142857142857142794e-01 8.142857142857142794e-01
7.638888888888888395e-01 7.638888888888888395e-01 8.472222222222222099e-01 7.361111111111111605e-01 7.638888888888888395e-01 6.999999999999999556e-01 8.000000000000000444e-01 7.285714285714285365e-01 7.714285714285714635e-01 7.857142857142856984e-01
8.333333333333333703e-01 8.333333333333333703e-01 7.916666666666666297e-01 7.222222222222222099e-01 7.222222222222222099e-01 8.000000000000000444e-01 7.571428571428571175e-01 7.428571428571428825e-01 7.571428571428571175e-01 7.285714285714285365e-01
7.361111111111111605e-01 7.083333333333333703e-01 8.055555555555555802e-01 7.222222222222222099e-01 8.055555555555555802e-01 7.285714285714285365e-01 8.000000000000000444e-01 7.428571428571428825e-01 7.571428571428571175e-01 8.857142857142856762e-01
7.638888888888888395e-01 7.222222222222222099e-01 8.055555555555555802e-01 7.638888888888888395e-01 8.888888888888888395e-01 8.000000000000000444e-01 7.714285714285714635e-01 7.142857142857143016e-01 8.142857142857142794e-01 6.714285714285713746e-01
7.916666666666666297e-01 7.083333333333333703e-01 8.194444444444444198e-01 8.333333333333333703e-01 7.222222222222222099e-01 7.428571428571428825e-01 8.285714285714286254e-01 7.714285714285714635e-01 7.571428571428571175e-01 7.285714285714285365e-01
