7.631578947368421462e-01 6.578947368421053099e-01 7.105263157894736725e-01 6.842105263157894912e-01 6.842105263157894912e-01 7.631578947368421462e-01 6.315789473684210176e-01 6.315789473684210176e-01 7.222222222222222099e-01 7.222222222222222099e-01
7.631578947368421462e-01 7.894736842105263275e-01 5.789473684210526550e-01 6.315789473684210176e-01 7.105263157894736725e-01 6.842105263157894912e-01 6.842105263157894912e-01 7.894736842105263275e-01 6.944444444444444198e-01 6.944444444444444198e-01
7.368421052631578538e-01 7.368421052631578538e-01 7.368421052631578538e-01 7.368421052631578538e-01 6.578947368421053099e-01 8.157894736842105088e-01 6.315789473684210176e-01 6.578947368421053099e-01 6.111111111111111605e-01 6.944444444444444198e-01
7.631578947368421462e-01 7.894736842105263275e-01 5.526315789473684736e-01 6.052631578947368363e-01 7.105263157894736725e-01 7.368421052631578538e-01 7.368421052631578538e-01 6.842105263157894912e-01 8.611111111111111605e-01 6.666666666666666297e-01
6.315789473684210176e-01 6.315789473684210176e-01 5.789473684210526550e-01 7.894736842105263275e-01 7.368421052631578538e-01 6.315789473684210176e-01 8.157894736842105088e-01 8.421052631578946901e-01 7.500000000000000000e-01 5.833333333333333703e-01
7.368421052631578538e-01 7.368421052631578538e-01 7.631578947368421462e-01 6.842105263157894912e-01 6.578947368421053099e-01 7.894736842105263275e-01 6.315789473684210176e-01 8.421052631578946901e-01 7.500000000000000000e-01 5.833333333333333703e-01
6.315789473684210176e-01 7.631578947368421462e-01 7.368421052631578538e-01 7.894736842105263275e-01 7.894736842105263275e-01 6.842105263157894912e-01 5.789473684210526550e-01 6.315789473684210176e-01 6.388888888888888395e-01 6.388888888888888395e-01
8.157894736842105088e-01 7.368421052631578538e-01 6.315789473684210176e-01 7.894736842105263275e-01 6.052631578947368363e-01 6.315789473684210176e-01 8.157894736842105088e-01 8.157894736842105088e-01 6.388888888888888395e-01 6.666666666666666297e-01
7.631578947368421462e-01 7.894736842105263275e-01 6.315789473684210176e-01 6.315789473684210176e-01 6.578947368421053099e-01 7.631578947368421462e-01 6.842105263157894912e-01 6.052631578947368363e-01 8.611111111111111605e-01 7.222222222222222099e-01
6.578947368421053099e-01 6.842105263157894912e-01 7.631578947368421462e-01 7.105263157894736725e-01 5.526315789473684736e-01 8.421052631578946901e-01 7.894736842105263275e-01 7.631578947368421462e-01 6.944444444444444198e-01 6.944444444444444198e-01
