8.169014084507042472e-01 7.464788732394366244e-01 8.309859154929577496e-01 7.464788732394366244e-01 7.323943661971831220e-01 7.323943661971831220e-01 7.323943661971831220e-01 8.309859154929577496e-01 7.746478873239436291e-01 7.428571428571428825e-01
8.028169014084507449e-01 7.183098591549296197e-01 8.028169014084507449e-01 7.887323943661971315e-01 8.028169014084507449e-01 6.901408450704225039e-01 8.028169014084507449e-01 7.746478873239436291e-01 6.760563380281690016e-01 7.142857142857143016e-01
6.338028169014084945e-01 7.323943661971831220e-01 7.605633802816901268e-01 8.028169014084507449e-01 7.887323943661971315e-01 7.746478873239436291e-01 7.605633802816901268e-01 8.169014084507042472e-01 7.464788732394366244e-01 8.000000000000000444e-01
7.887323943661971315e-01 7.183098591549296197e-01 7.887323943661971315e-01 7.464788732394366244e-01 7.464788732394366244e-01 7.887323943661971315e-01 7.042253521126760063e-01 7.464788732394366244e-01 7.746478873239436291e-01 7.285714285714285365e-01
7.183098591549296197e-01 7.323943661971831220e-01 6.760563380281690016e-01 7.887323943661971315e-01 7.464788732394366244e-01 8.028169014084507449e-01 7.605633802816901268e-01 6.760563380281690016e-01 8.873239436619718701e-01 7.714285714285714635e-01
7.323943661971831220e-01 7.887323943661971315e-01 7.183098591549296197e-01 7.464788732394366244e-01 8.169014084507042472e-01 7.887323943661971315e-01 7.605633802816901268e-01 7.746478873239436291e-01 7.323943661971831220e-01 7.142857142857143016e-01
7.183098591549296197e-01 8.169014084507042472e-01 8.169014084507042472e-01 7.464788732394366244e-01 7.464788732394366244e-01 7.042253521126760063e-01 7.183098591549296197e-01 7.605633802816901268e-01 7.464788732394366244e-01 8.000000000000000444e-01
7.323943661971831220e-01 6.901408450704225039e-01 6.760563380281690016e-01 7.746478873239436291e-01 8.169014084507042472e-01 7.887323943661971315e-01 7.605633802816901268e-01 7.183098591549296197e-01 8.169014084507042472e-01 8.000000000000000444e-01
7.183098591549296197e-01 8.028169014084507449e-01 7.464788732394366244e-01 7.746478873239436291e-01 7.323943661971831220e-01 7.887323943661971315e-01 7.183098591549296197e-01 6.901408450704225039e-01 8.028169014084507449e-01 7.571428571428571175e-01
8.028169014084507449e-01 8.309859154929577496e-01 8.169014084507042472e-01 7.323943661971831220e-01 7.323943661971831220e-01 7.746478873239436291e-01 7.746478873239436291e-01 6.760563380281690016e-01 7.605633802816901268e-01 7.571428571428571175e-01
