3.333333333333333148e-01 5.185185185185184897e-01 5.185185185185184897e-01 4.074074074074073848e-01 5.000000000000000000e-01 6.153846153846154188e-01 6.923076923076922906e-01 5.384615384615384359e-01 7.692307692307692735e-01 6.923076923076922906e-01
5.555555555555555802e-01 5.925925925925925597e-01 4.814814814814814548e-01 5.555555555555555802e-01 5.384615384615384359e-01 8.461538461538461453e-01 5.769230769230768718e-01 6.153846153846154188e-01 6.538461538461538547e-01 6.153846153846154188e-01
6.296296296296296502e-01 6.296296296296296502e-01 5.925925925925925597e-01 4.814814814814814548e-01 5.769230769230768718e-01 6.923076923076922906e-01 5.000000000000000000e-01 5.769230769230768718e-01 6.153846153846154188e-01 6.923076923076922906e-01
6.666666666666666297e-01 6.296296296296296502e-01 6.296296296296296502e-01 6.296296296296296502e-01 6.538461538461538547e-01 6.153846153846154188e-01 5.769230769230768718e-01 5.769230769230768718e-01 7.307692307692307265e-01 5.769230769230768718e-01
7.777777777777777901e-01 5.555555555555555802e-01 6.296296296296296502e-01 6.296296296296296502e-01 6.153846153846154188e-01 6.538461538461538547e-01 5.384615384615384359e-01 7.692307692307692735e-01 6.153846153846154188e-01 6.153846153846154188e-01
5.185185185185184897e-01 5.925925925925925597e-01 6.296296296296296502e-01 7.037037037037037202e-01 6.153846153846154188e-01 5.384615384615384359e-01 5.769230769230768718e-01 6.923076923076922906e-01 6.153846153846154188e-01 5.384615384615384359e-01
7.777777777777777901e-01 6.296296296296296502e-01 5.925925925925925597e-01 7.407407407407406996e-01 5.384615384615384359e-01 7.307692307692307265e-01 7.307692307692307265e-01 6.923076923076922906e-01 6.153846153846154188e-01 2.692307692307692180e-01
5.925925925925925597e-01 6.666666666666666297e-01 6.296296296296296502e-01 5.555555555555555802e-01 6.923076923076922906e-01 5.769230769230768718e-01 5.769230769230768718e-01 5.769230769230768718e-01 5.000000000000000000e-01 7.307692307692307265e-01
6.296296296296296502e-01 6.296296296296296502e-01 5.555555555555555802e-01 7.407407407407406996e-01 6.923076923076922906e-01 6.153846153846154188e-01 4.615384615384615641e-01 6.538461538461538547e-01 5.769230769230768718e-01 6.153846153846154188e-01
4.814814814814814548e-01 5.555555555555555802e-01 7.407407407407406996e-01 6.666666666666666297e-01 6.153846153846154188e-01 7.307692307692307265e-01 6.538461538461538547e-01 6.153846153846154188e-01 6.923076923076922906e-01 5.769230769230768718e-01
