8.148148148148147696e-01 7.037037037037037202e-01 8.148148148148147696e-01 8.076923076923077094e-01 8.076923076923077094e-01 8.076923076923077094e-01 6.923076923076922906e-01 7.692307692307692735e-01 8.846153846153845812e-01 7.692307692307692735e-01
7.777777777777777901e-01 6.666666666666666297e-01 8.888888888888888395e-01 8.461538461538461453e-01 7.692307692307692735e-01 8.461538461538461453e-01 6.923076923076922906e-01 6.923076923076922906e-01 7.307692307692307265e-01 7.692307692307692735e-01
9.259259259259259300e-01 8.518518518518518601e-01 7.407407407407406996e-01 7.307692307692307265e-01 6.153846153846154188e-01 7.692307692307692735e-01 9.615384615384615641e-01 7.692307692307692735e-01 8.461538461538461453e-01 7.307692307692307265e-01
7.407407407407406996e-01 8.148148148148147696e-01 7.777777777777777901e-01 7.307692307692307265e-01 7.692307692307692735e-01 8.846153846153845812e-01 7.307692307692307265e-01 8.461538461538461453e-01 7.692307692307692735e-01 7.692307692307692735e-01
7.407407407407406996e-01 8.518518518518518601e-01 7.407407407407406996e-01 8.461538461538461453e-01 7.692307692307692735e-01 8.076923076923077094e-01 8.846153846153845812e-01 7.307692307692307265e-01 7.692307692307692735e-01 8.846153846153845812e-01
8.888888888888888395e-01 8.148148148148147696e-01 8.888888888888888395e-01 7.692307692307692735e-01 8.461538461538461453e-01 8.076923076923077094e-01 8.461538461538461453e-01 7.307692307692307265e-01 6.923076923076922906e-01 7.692307692307692735e-01
8.888888888888888395e-01 7.777777777777777901e-01 8.888888888888888395e-01 6.923076923076922906e-01 6.923076923076922906e-01 7.307692307692307265e-01 8.076923076923077094e-01 8.461538461538461453e-01 6.923076923076922906e-01 7.692307692307692735e-01
7.777777777777777901e-01 8.518518518518518601e-01 7.407407407407406996e-01 8.076923076923077094e-01 8.076923076923077094e-01 6.923076923076922906e-01 6.923076923076922906e-01 6.923076923076922906e-01 8.461538461538461453e-01 7.692307692307692735e-01
8.148148148148147696e-01 9.629629629629629095e-01 5.925925925925925597e-01 7.692307692307692735e-01 8.461538461538461453e-01 7.692307692307692735e-01 7.307692307692307265e-01 7.307692307692307265e-01 8.076923076923077094e-01 6.538461538461538547e-01
7.037037037037037202e-01 8.518518518518518601e-01 9.259259259259259300e-01 6.923076923076922906e-01 7.307692307692307265e-01 8.076923076923077094e-01 6.538461538461538547e-01 6.923076923076922906e-01 9.615384615384615641e-01 8.461538461538461453e-01
