7.368421052631578538e-01 6.315789473684210176e-01 6.578947368421053099e-01 6.052631578947368363e-01 8.108108108108108558e-01 7.837837837837837718e-01 6.486486486486486847e-01 7.297297297297297147e-01 7.297297297297297147e-01 6.756756756756756577e-01
8.157894736842105088e-01 7.631578947368421462e-01 7.368421052631578538e-01 6.578947368421053099e-01 7.297297297297297147e-01 7.297297297297297147e-01 6.756756756756756577e-01 7.297297297297297147e-01 7.027027027027027417e-01 7.297297297297297147e-01
6.578947368421053099e-01 7.368421052631578538e-01 6.842105263157894912e-01 6.578947368421053099e-01 6.756756756756756577e-01 6.756756756756756577e-01 6.756756756756756577e-01 7.297297297297297147e-01 8.108108108108108558e-01 7.297297297297297147e-01
7.105263157894736725e-01 7.105263157894736725e-01 7.894736842105263275e-01 7.105263157894736725e-01 7.837837837837837718e-01 6.486486486486486847e-01 7.027027027027027417e-01 8.108108108108108558e-01 7.297297297297297147e-01 7.297297297297297147e-01
7.368421052631578538e-01 7.631578947368421462e-01 7.368421052631578538e-01 7.105263157894736725e-01 6.756756756756756577e-01 6.216216216216216006e-01 7.567567567567567988e-01 6.756756756756756577e-01 6.486486486486486847e-01 7.297297297297297147e-01
7.105263157894736725e-01 7.894736842105263275e-01 7.894736842105263275e-01 7.105263157894736725e-01 7.567567567567567988e-01 7.567567567567567988e-01 4.864864864864865135e-01 5.945945945945946276e-01 7.027027027027027417e-01 6.216216216216216006e-01
6.842105263157894912e-01 7.631578947368421462e-01 7.894736842105263275e-01 6.578947368421053099e-01 7.027027027027027417e-01 6.216216216216216006e-01 7.027027027027027417e-01 7.837837837837837718e-01 7.297297297297297147e-01 7.297297297297297147e-01
6.052631578947368363e-01 7.368421052631578538e-01 7.368421052631578538e-01 6.578947368421053099e-01 6.486486486486486847e-01 7.027027027027027417e-01 6.756756756756756577e-01 7.837837837837837718e-01 5.405405405405405705e-01 7.297297297297297147e-01
7.105263157894736725e-01 6.315789473684210176e-01 7.105263157894736725e-01 7.894736842105263275e-01 6.756756756756756577e-01 6.756756756756756577e-01 7.027027027027027417e-01 7.567567567567567988e-01 7.027027027027027417e-01 8.108108108108108558e-01
7.368421052631578538e-01 7.368421052631578538e-01 7.368421052631578538e-01 7.368421052631578538e-01 7.027027027027027417e-01 7.027027027027027417e-01 6.216216216216216006e-01 7.567567567567567988e-01 6.756756756756756577e-01 7.297297297297297147e-01
