6.695652173913043681e-01 6.347826086956521729e-01 7.280701754385965341e-01 6.666666666666666297e-01 6.666666666666666297e-01 6.140350877192982670e-01 7.105263157894736725e-01 6.666666666666666297e-01 7.192982456140351033e-01 6.491228070175438791e-01
6.956521739130434590e-01 6.521739130434782705e-01 7.456140350877192846e-01 6.403508771929824483e-01 5.964912280701754055e-01 6.140350877192982670e-01 6.754385964912280604e-01 7.368421052631578538e-01 6.666666666666666297e-01 5.438596491228070429e-01
6.434782608695651662e-01 6.782608695652173614e-01 6.140350877192982670e-01 6.228070175438596978e-01 6.754385964912280604e-01 6.315789473684210176e-01 6.403508771929824483e-01 6.491228070175438791e-01 6.929824561403509220e-01 6.403508771929824483e-01
6.869565217391304657e-01 6.086956521739130821e-01 6.754385964912280604e-01 7.105263157894736725e-01 6.140350877192982670e-01 6.754385964912280604e-01 6.578947368421053099e-01 7.017543859649122417e-01 6.491228070175438791e-01 6.315789473684210176e-01
6.434782608695651662e-01 5.999999999999999778e-01 6.842105263157894912e-01 5.877192982456140857e-01 7.192982456140351033e-01 6.754385964912280604e-01 6.842105263157894912e-01 6.578947368421053099e-01 6.140350877192982670e-01 6.754385964912280604e-01
6.695652173913043681e-01 7.043478260869565633e-01 6.666666666666666297e-01 6.403508771929824483e-01 6.315789473684210176e-01 5.877192982456140857e-01 6.754385964912280604e-01 6.842105263157894912e-01 7.192982456140351033e-01 6.754385964912280604e-01
6.608695652173912638e-01 7.217391304347826608e-01 7.543859649122807154e-01 6.754385964912280604e-01 6.140350877192982670e-01 6.228070175438596978e-01 6.842105263157894912e-01 6.666666666666666297e-01 6.842105263157894912e-01 7.456140350877192846e-01
7.304347826086956541e-01 6.782608695652173614e-01 7.017543859649122417e-01 6.491228070175438791e-01 5.438596491228070429e-01 6.140350877192982670e-01 6.666666666666666297e-01 6.666666666666666297e-01 5.964912280701754055e-01 6.754385964912280604e-01
6.782608695652173614e-01 6.869565217391304657e-01 5.877192982456140857e-01 6.666666666666666297e-01 7.017543859649122417e-01 7.017543859649122417e-01 6.929824561403509220e-01 6.666666666666666297e-01 6.403508771929824483e-01 6.228070175438596978e-01
6.956521739130434590e-01 6.434782608695651662e-01 6.491228070175438791e-01 6.140350877192982670e-01 6.754385964912280604e-01 5.964912280701754055e-01 6.491228070175438791e-01 6.666666666666666297e-01 6.578947368421053099e-01 6.929824561403509220e-01
